48 0
47 1
43 1
42 2
40 2
39 3
37 3
35 5
34 5
33 6
32 6
31 7
29 7
27 9
26 9
24 11
23 11
11 23
11 24
9 26
9 27
7 29
7 31
6 32
6 33
5 34
5 35
3 37
3 39
2 40
2 42
1 43
1 47
0 48
0 54
0 48
1 47
2 48
2 55
1 56
1 62
2 63
2 70
1 71
0 70
0 64
0 70
1 71
1 75
2 76
2 77
3 78
3 81
5 83
5 85
6 86
6 87
7 88
7 89
8 90
8 91
11 94
11 95
15 99
15 100
18 103
19 103
23 107
24 107
27 110
29 110
31 112
32 112
33 113
34 113
35 114
36 114
37 115
39 115
40 116
43 116
44 117
47 117
48 118
53 118
48 118
47 117
48 116
54 116
55 117
63 117
64 116
70 116
71 117
70 118
66 118
70 118
71 117
74 117
75 116
78 116
79 115
81 115
82 114
83 114
84 113
85 113
86 112
87 112
89 110
91 110
93 108
94 108
98 104
99 104
104 99
104 98
108 94
108 93
110 91
110 89
112 87
112 86
113 85
113 84
114 83
114 82
115 81
115 79
116 78
116 75
117 74
117 71
118 70
118 65
118 70
117 71
116 70
116 64
117 63
117 55
116 54
116 48
117 47
118 48
118 53
118 48
117 47
117 44
116 43
116 41
115 40
115 37
113 35
113 33
112 32
112 31
111 30
111 29
109 27
109 26
107 24
107 23
103 19
103 18
100 15
99 15
95 11
94 11
92 9
91 9
89 7
87 7
85 5
83 5
81 3
78 3
77 2
76 2
75 1
71 1
70 0
64 0
70 0
71 1
70 2
63 2
62 1
56 1
55 2
48 2
47 1
48 0
54 0
